16.100 0 50 0 110
16.100 50 100 0 110
18.000 100 140 0 110
17.800 140 180 0 110
8.850 180 220 0 110
9.650 220 260 0 110
3.520 260 300 0 110
5.660 300 340 0 110
5.590 340 380 0 110
4.510 380 420 0 110
4.880 420 460 0 110
16.100 0 50 110 125
16.100 50 100 110 125
18.000 100 140 110 125
17.800 140 180 110 125
8.850 180 220 110 125
9.650 220 260 110 125
3.520 260 300 110 125
5.660 300 340 110 125
5.590 340 380 110 125
4.510 380 420 110 125
4.880 420 460 110 125
16.300 0 50 125 140
16.300 50 100 125 140
16.600 100 140 125 140
19.900 140 180 125 140
14.600 180 220 125 140
11.100 220 260 125 140
7.280 260 300 125 140
10.800 300 340 125 140
8.240 340 380 125 140
7.050 380 420 125 140
3.880 420 460 125 140
21.300 0 50 140 155
21.300 50 100 140 155
20.700 100 140 140 155
23.000 140 180 140 155
15.500 180 220 140 155
13.300 220 260 140 155
10.600 260 300 140 155
8.630 300 340 140 155
6.260 340 380 140 155
4.760 380 420 140 155
5.670 420 460 140 155
22.300 0 50 155 170
22.300 50 100 155 170
19.700 100 140 155 170
22.400 140 180 155 170
15.400 180 220 155 170
12.500 220 260 155 170
12.000 260 300 155 170
10.300 300 340 155 170
7.180 340 380 155 170
6.620 380 420 155 170
5.720 420 460 155 170
19.100 0 50 170 185
19.100 50 100 170 185
20.400 100 140 170 185
19.900 140 180 170 185
18.900 180 220 170 185
16.000 220 260 170 185
13.300 260 300 170 185
10.000 300 340 170 185
7.920 340 380 170 185
7.880 380 420 170 185
6.690 420 460 170 185
19.700 0 50 185 200
19.700 50 100 185 200
23.000 100 140 185 200
24.700 140 180 185 200
19.400 180 220 185 200
16.200 220 260 185 200
14.000 260 300 185 200
12.700 300 340 185 200
9.780 340 380 185 200
6.560 380 420 185 200
7.310 420 460 185 200
20.100 0 50 200 215
20.100 50 100 200 215
17.800 100 140 200 215
21.700 140 180 200 215
20.200 180 220 200 215
15.700 220 260 200 215
12.200 260 300 200 215
11.400 300 340 200 215
9.490 340 380 200 215
7.940 380 420 200 215
5.990 420 460 200 215
16.600 0 50 215 230
16.600 50 100 215 230
20.100 100 140 215 230
18.700 140 180 215 230
16.600 180 220 215 230
14.800 220 260 215 230
13.200 260 300 215 230
11.300 300 340 215 230
8.800 340 380 215 230
7.500 380 420 215 230
6.190 420 460 215 230
5.560 460 545 110 145
4.240 545 630 110 145
4.640 630 715 110 145
4.070 715 800 110 145
3.310 800 885 110 145
3.570 885 970 110 145
2.050 970 1055 110 145
2.210 1055 1150 110 145
4.830 460 545 145 175
3.990 545 630 145 175
3.750 630 715 145 175
2.970 715 800 145 175
2.690 800 885 145 175
2.220 885 970 145 175
1.650 970 1055 145 175
1.570 1055 1150 145 175
4.880 460 545 175 205
4.050 545 630 175 205
3.490 630 715 175 205
3.040 715 800 175 205
2.530 800 885 175 205
1.870 885 970 175 205
1.520 970 1055 175 205
1.250 1055 1150 175 205
4.570 460 545 205 230
3.530 545 630 205 230
2.790 630 715 205 230
2.20 715 800 205 230
1.870 800 885 205 230
1.350 885 970 205 230
1.050 970 1055 205 230
0.815 1055 1150 205 230
13.100 0 50 230 265
13.100 50 120 230 265
13.400 120 205 230 265
9.360 205 290 230 265
7.290 290 375 230 265
5.630 375 460 230 265
3.790 460 545 230 265
2.720 545 630 230 265
2.070 630 715 230 265
1.590 715 800 230 265
1.350 800 885 230 265
1.050 885 970 230 265
0.878 970 1055 230 265
0.631 1055 1150 230 265
9.470 0 50 265 295
9.470 50 120 265 295
10.100 120 205 265 295
8.300 205 290 265 295
6.060 290 375 265 295
4.050 375 460 265 295
3.150 460 545 265 295
2.220 545 630 265 295
1.580 630 715 265 295
1.290 715 800 265 295
0.965 800 885 265 295
0.770 885 970 265 295
0.599 970 1055 265 295
0.472 1055 1150 265 295
7.550 0 50 295 325
7.550 50 120 295 325
7.450 120 205 295 325
6.030 205 290 295 325
4.370 290 375 295 325
3.430 375 460 295 325
2.320 460 545 295 325
1.460 545 630 295 325
1.230 630 715 295 325
1.030 715 800 295 325
0.822 800 885 295 325
0.604 885 970 295 325
0.451 970 1055 295 325
0.405 1055 1150 295 325
5.340 0 50 325 355
5.340 50 120 325 355
4.870 120 205 325 355
4.560 205 290 325 355
3.550 290 375 325 355
2.780 375 460 325 355
1.850 460 545 325 355
1.170 545 630 325 355
0.897 630 715 325 355
0.752 715 800 325 355
0.585 800 885 325 355
0.486 885 970 325 355
0.381 970 1055 325 355
0.289 1055 1150 325 355
3.360 0 50 355 385
3.360 50 130 355 385
3.590 130 210 355 385
3.010 210 290 355 385
2.270 290 415 355 385
1.710 415 540 355 385
2.100 0 50 385 415
2,100 50 130 385 415
2.320 130 210 385 415
2.010 210 290 385 415
1.620 290 415 385 415
1.150 415 540 385 415
