787 0 50 0 110
787 50 100 0 110
811 100 140 0 110
686 140 180 0 110
603 180 220 0 110
461 220 260 0 110
395 260 300 0 110
333 300 340 0 110
274 340 380 0 110
241 380 420 0 110
204 420 460 0 110
787 0 50 110 125
787 50 100 110 125
811 100 140 110 125
686 140 180 110 125
603 180 220 110 125
461 220 260 110 125
395 260 300 110 125
333 300 340 110 125
274 340 380 110 125
241 380 420 110 125
204 420 460 110 125
639 0 50 125 140
639 50 100 125 140
619 100 140 125 140
547 140 180 125 140
492 180 220 125 140
402 220 260 125 140
322 260 300 125 140
281 300 340 125 140
231 340 380 125 140
194 380 420 125 140
167 420 460 125 140
502 0 50 140 155
502 50 100 140 155
476 100 140 140 155
444 140 180 140 155
393 180 220 140 155
309 220 260 140 155
279 260 300 140 155
215 300 340 140 155
184 340 380 140 155
159 380 420 140 155
138 420 460 140 155
354 0 50 155 170
354 50 100 155 170
358 100 140 155 170
338 140 180 155 170
279 180 220 155 170
250 220 260 155 170
217 260 300 155 170
174 300 340 155 170
151 340 380 155 170
120 380 420 155 170
101 420 460 155 170
245 0 50 170 185
245 50 100 170 185
256 100 140 170 185
248 140 180 170 185
215 180 220 170 185
187 220 260 170 185
158 260 300 170 185
128 300 340 170 185
108 340 380 170 185
21.6 380 420 170 185
79.3 420 460 170 185
179 0 50 185 200
179 50 100 185 200
195 100 140 185 200
184 140 180 185 200
165 180 220 185 200
139 220 260 185 200
118 260 300 185 200
103 300 340 185 200
86.4 340 380 185 200
68.2 380 420 185 200
56.8 420 460 185 200
136 0 50 200 215
136 50 100 200 215
136 100 140 200 215
133 140 180 200 215
120 180 220 200 215
101 220 260 200 215
87.1 260 300 200 215
76.1 300 340 200 215
67.2 340 380 200 215
54.4 380 420 200 215
43.8 420 460 200 215
98.8 0 50 215 230
98.8 50 100 215 230
103 100 140 215 230
95.1 140 180 215 230
85.6 180 220 215 230
74 220 260 215 230
66.7 260 300 215 230
57.3 300 340 215 230
47.3 340 380 215 230
40.6 380 420 215 230
33.2 420 460 215 230
128 460 545 110 145
103 545 630 110 145
79.4 630 715 110 145
66.7 715 800 110 145
61.1 800 885 110 145
54 885 970 110 145
47.9 970 1055 110 145
46.4 1055 1150 110 145
74.1 460 545 145 175
55.6 545 630 145 175
44 630 715 145 175
34.9 715 800 145 175
31.5 800 885 145 175
26.7 885 970 145 175
24.4 970 1055 145 175
22.5 1055 1150 145 175
43.2 460 545 175 205
30.1 545 630 175 205
23.2 630 715 175 205
18.4 715 800 175 205
15.1 800 885 175 205
12.9 885 970 175 205
11.2 970 1055 175 205
10.3 1055 1150 175 205
23.8 460 545 205 230
17.8 545 630 205 230
12.5 630 715 205 230
9.69 15 800 205 230
7.59 800 885 205 230
6.23 885 970 205 230
4.94 970 1055 205 230
4.38 1055 1150 205 230
48.5 0 50 230 265
48.5 50 120 230 265
47.7 120 205 230 265
34.9 205 290 230 265
25.5 290 375 230 265
19.3 375 460 230 265
13 460 545 230 265
9.59 545 630 230 265
6.79 630 715 230 265
5.3 715 800 230 265
4.17 800 885 230 265
3.22 885 970 230 265
2.79 970 1055 230 265
2.3 1055 1150 230 265
26.2 0 50 265 295
26.2 50 120 265 295
26.4 120 205 265 295
20.9 205 290 265 295
15.5 290 375 265 295
10.6 375 460 265 295
8.39 460 545 265 295
5.93 545 630 265 295
4.13 630 715 265 295
3.16 715 800 265 295
2.41 800 885 265 295
1.92 885 970 265 295
1.54 970 1055 265 295
1.24 1055 1150 265 295
16.3 0 50 295 325
16.3 50 120 295 325
15.1 120 205 295 325
12.3 205 290 295 325
9.25 290 375 295 325
6.88 375 460 295 325
5.07 460 545 295 325
3.57 545 630 295 325
2.71 630 715 295 325
2.12 715 800 295 325
1.58 800 885 295 325
1.2 885 970 295 325
0.931 970 1055 295 325
0.796 1055 1150 295 325
9.35 0 50 325 355
9.35 50 120 325 355
8.78 120 205 325 355
7.57 205 290 325 355
5.95 290 375 325 355
4.66 375 460 325 355
3.27 460 545 325 355
2.27 545 630 325 355
1.73 630 715 325 355
1.41 715 800 325 355
1.02 800 885 325 355
0.795 885 970 325 355
0.64 970 1055 325 355
0.499 1055 1150 325 355
5.31 0 50 355 385
5.31 50 130 355 385
5.36 130 210 355 385
4.59 210 290 355 385
3.39 290 415 355 385
2.55 415 540 355 385
