0 274
37.1207 271.866
41.8711 271.79
46.6226 271.696
51.3741 271.588
56.1245 271.466
60.876 271.33
65.6275 271.184
70.3779 271.029
75.1294 270.864
79.881 270.69
84.6313 270.509
89.3828 270.323
94.1344 270.131
98.8847 269.935
103.636 269.738
108.388 269.538
113.138 269.338
117.89 269.14
122.641 268.941
127.392 268.746
132.143 268.555
136.895 268.369
141.645 268.19
146.397 268.017
151.148 267.852
155.898 267.694
160.65 267.532
165.401 267.358
170.152 267.165
174.903 266.938
179.655 266.674
184.405 266.359
189.157 265.988
193.908 265.548
198.659 265.033
203.41 264.433
208.162 263.747
212.912 262.983
217.664 262.147
222.415 261.238
227.166 260.266
231.917 259.234
236.669 258.146
241.419 257.01
246.17 255.827
250.922 254.605
255.672 253.339
260.424 252.011
265.175 250.602
269.926 249.088
274.677 247.45
279.429 245.669
284.179 243.722
288.931 241.59
293.682 239.25
298.433 236.683
303.184 233.873
307.934 230.835
312.686 227.606
317.438 224.221
322.188 220.721
326.939 217.136
331.691 213.507
336.441 209.868
341.193 206.258
345.944 202.712
350.695 199.266
355.446 195.95
360.198 192.766
364.948 189.721
369.7 186.817
374.451 184.057
379.202 181.444
383.953 178.981
388.705 176.674
393.455 174.524
398.207 172.533
402.958 170.706
407.708 169.03
412.46 167.49
417.211 166.064
421.962 164.736
426.713 163.483
431.466 162.291
436.215 161.14
440.967 160.008
445.717 158.879
450.469 157.736
455.22 156.548
459.972 155.255
464.722 153.798
469.474 152.116
474.225 150.143
478.976 147.822
483.727 145.085
488.479 141.874
493.229 138.126
497.981 133.78
502.732 128.772
520 0
