0 360.594
50 360.594
54.3194 360.594
62.9581 361.21
70.1571 361.21
77.356 361.826
85.9948 361.826
91.7539 361.21
101.832 362.442
111.911 363.057
119.11 363.057
126.309 363.057
133.508 362.442
137.827 363.673
143.586 363.673
147.906 364.289
157.984 363.673
162.304 363.673
166.623 363.673
172.382 363.057
175.262 363.057
178.141 363.057
181.021 363.057
183.901 362.442
188.22 361.826
192.539 361.826
195.419 361.21
196.859 361.21
202.618 360.594
205.497 360.594
206.937 360.594
209.817 359.979
215.576 359.363
218.455 358.747
222.775 358.132
228.534 357.516
232.853 356.9
237.173 356.9
242.932 356.9
248.691 356.285
251.571 356.285
257.33 355.669
261.649 355.669
267.408 355.053
270.288 355.669
274.607 355.669
278.927 355.053
281.806 354.437
284.686 353.822
290.445 353.206
294.764 351.975
300.524 351.359
304.843 350.743
310.602 350.127
314.921 349.512
319.241 348.28
325 347.049
329.319 346.433
333.639 346.433
337.958 345.817
343.717 344.586
349.476 343.97
352.356 343.355
358.115 342.739
360.995 341.507
365.314 340.276
369.634 339.045
376.832 339.045
381.152 338.429
385.471 337.813
389.791 336.582
392.67 335.35
396.99 334.735
399.869 333.503
405.628 332.887
409.948 332.272
412.827 331.04
417.147 329.809
421.466 328.577
424.346 327.962
428.665 327.346
432.984 326.115
437.304 324.883
441.623 323.036
445.942 321.805
450.262 321.189
454.581 319.342
457.461 317.495
461.78 316.879
464.66 315.648
467.539 313.8
470.419 313.185
473.298 312.569
476.178 310.722
480.497 309.49
484.817 307.643
487.696 305.18
492.016 304.565
494.895 302.102
500.654 299.023
504.974 296.561
507.853 295.329
509.293 293.482
513.613 292.866
516.492 291.019
519.372 289.788
526.571 287.325
532.33 284.862
535.209 283.015
538.089 281.783
540.969 279.936
543.848 278.089
545.288 276.858
546.728 275.626
548.168 273.779
549.607 272.548
551.047 271.316
553.927 270.085
555.366 268.238
556.806 267.006
558.246 265.775
559.686 264.544
561.126 263.312
564.005 261.465
566.885 260.234
568.325 258.386
569.764 256.539
572.644 254.692
574.084 253.461
576.963 251.614
578.403 250.998
579.843 249.151
582.723 247.919
584.162 246.688
587.042 245.456
589.921 244.225
592.801 242.994
594.241 241.762
597.12 240.531
598.56 239.299
600 238.068
602.88 236.837
605.759 233.758
608.639 231.911
611.518 231.295
615.838 230.064
620.157 228.832
623.037 227.601
625.916 226.985
628.796 225.754
633.115 223.907
637.435 222.675
640.314 221.444
643.194 220.212
648.953 217.749
650.393 217.134
653.272 216.518
654.712 215.287
659.031 214.055
660.471 212.824
664.791 211.592
666.23 210.977
667.67 210.361
670.55 209.13
673.429 208.514
677.749 206.667
680.628 206.051
684.948 204.82
687.827 203.588
690.707 202.357
693.586 201.125
697.906 199.894
699.346 199.278
702.225 198.047
703.665 196.815
706.545 196.2
709.424 194.968
712.304 193.737
719.503 192.505
722.382 191.274
723.822 191.274
726.702 190.042
731.021 188.195
736.78 186.348
742.539 183.27
745.419 182.038
748.298 180.807
751.178 179.575
754.058 177.728
756.937 176.497
765.576 173.418
767.016 172.187
769.895 170.955
772.775 169.108
774.215 166.03
775.654 163.567
781.414 161.104
787.173 159.257
790.052 158.641
794.372 157.41
800.131 156.178
810.209 153.715
813.089 151.868
821.728 148.79
824.607 146.943
831.806 142.633
839.005 138.323
840.445 138.323
851.963 137.091
856.283 137.091
864.921 137.091
875 136.476
880.759 136.476
885.079 136.476
902.356 135.244
905.236 134.628
913.874 134.628
918.194 134.628
921.073 134.628
926.832 135.244
934.031 135.86
942.67 137.091
951.309 137.091
961.387 137.091
962.827 137.091
968.586 137.091
971.466 137.091
974.346 137.707
977.225 137.091
987.304 135.86
993.063 135.244
998.822 134.628
1003.14 134.013
1008.9 134.013
1016.1 134.013
1021.86 134.013
1027.62 133.397
1034.82 134.013
1043.46 134.013
1053.53 134.628
1065.05 134.628
1070.81 133.397
1075.13 133.397
1086.65 133.397
1090.97 133.397
1095.29 132.781
1102.49 132.781
1111.13 132.166
1116.88 131.55
1121.2 131.55
1134.16 130.934
1138.48 130.934
1142.8 130.934
1150 0
