0.0 289
37.1207 284.476
41.8711 283.702
46.6226 283.021
51.3741 282.43
56.1245 281.918
60.876 281.481
65.6275 281.114
70.3779 280.808
75.1294 280.557
79.881 280.356
84.6313 280.197
89.3828 280.074
94.1344 279.982
98.8847 279.91
103.636 279.858
108.388 279.814
113.138 279.776
117.89 279.734
122.641 279.682
127.392 279.616
132.143 279.527
136.895 279.411
141.645 279.259
146.397 279.066
151.148 278.824
155.898 278.536
160.65 278.203
165.401 277.836
170.152 277.443
174.903 277.032
179.655 276.611
184.405 276.188
189.157 275.771
193.908 275.367
198.659 274.986
203.41 274.633
208.162 274.299
212.912 273.97
217.664 273.63
222.415 273.265
227.166 272.86
231.917 272.399
236.669 271.866
241.419 271.247
246.17 270.526
250.922 269.689
255.672 268.727
260.424 267.645
265.175 266.448
269.926 265.145
274.677 263.74
279.429 262.242
284.179 260.655
288.931 258.988
293.682 257.245
298.433 255.434
303.184 253.56
307.934 251.618
312.686 249.598
317.438 247.489
322.188 245.279
326.939 242.96
331.691 240.518
336.441 237.945
341.193 235.229
345.944 232.358
350.695 229.323
355.446 226.127
360.198 222.8
364.948 219.379
369.7 215.901
374.451 212.403
379.202 208.922
383.953 205.494
388.705 202.155
393.455 198.943
398.207 195.891
402.958 193.039
407.708 190.392
412.46 187.946
417.211 185.693
421.962 183.627
426.713 181.739
431.466 180.025
436.215 178.477
440.967 177.087
445.717 175.848
450.469 174.755
455.22 173.779
459.972 172.846
464.722 171.868
469.474 170.76
474.225 169.436
478.976 167.807
483.727 165.791
488.479 163.299
493.229 160.245
497.981 156.546
502.732 152.112
530 0
