0 314.312
11.8906 314.312
29.7265 315.092
47.5624 315.872
65.3983 317.821
82.0452 318.211
104.637 318.991
124.851 319.771
147.444 319.381
162.901 319.381
180.737 318.601
196.195 317.821
211.653 316.261
221.165 314.702
235.434 313.532
244.946 311.193
259.215 308.853
272.295 306.904
281.807 304.564
291.32 301.835
303.21 298.326
319.857 294.817
331.748 291.307
346.017 287.798
354.34 283.899
365.042 279.61
375.743 276.101
387.634 272.202
395.957 267.913
405.47 264.794
414.982 261.284
423.306 258.555
434.007 254.656
445.898 251.147
454.221 249.197
467.301 246.468
480.38 243.349
500.595 240.229
514.863 237.5
532.699 235.94
546.968 232.431
557.669 229.702
575.505 226.193
598.098 221.904
611.177 219.174
625.446 216.445
640.904 214.495
655.172 210.986
675.386 209.037
693.222 206.697
712.247 204.748
733.65 202.408
757.432 200.069
774.078 198.509
793.103 196.17
807.372 195.39
826.397 193.44
839.477 191.881
863.258 189.151
878.716 187.592
892.985 186.032
904.875 184.862
915.577 182.913
935.791 180.963
954.816 179.404
977.408 178.624
1000 178.234
1000 0
