BR	ts	chi2	CLs	CLb	CLsb	CLs_exp_b_med	CLs_exp_b_p1	CLs_exp_b_p2	CLs_exp_b_m1	CLs_exp_b_m2	CLb_exp_s_med	CLb_exp_s_p1	CLb_exp_s_p2	CLb_exp_s_m1	CLb_exp_s_m2
0.001	-0.00927699095982	0.0	0.999619415479	0.987954	0.987578	0.0	0.0	0.0	0.0	0.0	0.0	0.0	0.0	0.0	0.0
0.101	-0.878386598971	0.0	0.995464007711	0.987656	0.983176	0.0	0.0	0.0	0.0	0.0	0.0	0.0	0.0	0.0	0.0
0.201	-1.64544404283	0.0	0.989539990403	0.987762	0.97743	0.0	0.0	0.0	0.0	0.0	0.0	0.0	0.0	0.0	0.0
0.301	-2.32692959631	0.0	0.982129557671	0.988224	0.970564	0.0	0.0	0.0	0.0	0.0	0.0	0.0	0.0	0.0	0.0
0.401	-2.93518169687	0.0	0.973515213072	0.988492	0.962312	0.0	0.0	0.0	0.0	0.0	0.0	0.0	0.0	0.0	0.0
0.501	-3.47974165556	0.0	0.963352904627	0.988182	0.951968	0.0	0.0	0.0	0.0	0.0	0.0	0.0	0.0	0.0	0.0
0.601	-3.96818139203	0.0	0.951277843761	0.988462	0.940302	0.0	0.0	0.0	0.0	0.0	0.0	0.0	0.0	0.0	0.0
0.701	-4.40663868613	0.0	0.937813466701	0.988542	0.927068	0.0	0.0	0.0	0.0	0.0	0.0	0.0	0.0	0.0	0.0
0.801	-4.80017745338	0.0	0.921588067239	0.988472	0.910964	0.0	0.0	0.0	0.0	0.0	0.0	0.0	0.0	0.0	0.0
0.901	-5.15303845961	0.0	0.903841796021	0.988496	0.893444	0.0	0.0	0.0	0.0	0.0	0.0	0.0	0.0	0.0	0.0
1.001	-5.4688187762	0.0	0.883530968188	0.988692	0.87354	0.0	0.0	0.0	0.0	0.0	0.0	0.0	0.0	0.0	0.0
1.101	-5.75060336853	0.0	0.862595605147	0.988702	0.85285	0.0	0.0	0.0	0.0	0.0	0.0	0.0	0.0	0.0	0.0
1.201	-6.00106362685	0.0	0.840163561282	0.988498	0.8305	0.0	0.0	0.0	0.0	0.0	0.0	0.0	0.0	0.0	0.0
1.301	-6.22253250941	0.0	0.813856177411	0.98844	0.804448	0.0	0.0	0.0	0.0	0.0	0.0	0.0	0.0	0.0	0.0
1.401	-6.41706278454	0.0	0.785470543616	0.98875	0.776634	0.0	0.0	0.0	0.0	0.0	0.0	0.0	0.0	0.0	0.0
1.501	-6.58647282779	0.0	0.759196911634	0.988484	0.750454	0.0	0.0	0.0	0.0	0.0	0.0	0.0	0.0	0.0	0.0
1.601	-6.73238310021	0.0	0.728153571927	0.988514	0.71979	0.0	0.0	0.0	0.0	0.0	0.0	0.0	0.0	0.0	0.0
1.701	-6.85624554302	0.0	0.698458108335	0.988526	0.690444	0.0	0.0	0.0	0.0	0.0	0.0	0.0	0.0	0.0	0.0
1.801	-6.95936751405	0.0	0.666291118937	0.988778	0.658814	0.0	0.0	0.0	0.0	0.0	0.0	0.0	0.0	0.0	0.0
1.901	-7.0429314659	0.0	0.634003565308	0.988414	0.626658	0.0	0.0	0.0	0.0	0.0	0.0	0.0	0.0	0.0	0.0
2.001	-7.10801126486	0.0	0.603847344555	0.988422	0.596856	0.0	0.0	0.0	0.0	0.0	0.0	0.0	0.0	0.0	0.0
2.101	-7.15558583212	0.0	0.570620062808	0.988416	0.56401	0.0	0.0	0.0	0.0	0.0	0.0	0.0	0.0	0.0	0.0
2.201	-7.18655063029	0.0	0.539271274723	0.988356	0.532992	0.0	0.0	0.0	0.0	0.0	0.0	0.0	0.0	0.0	0.0
2.301	-7.20172740103	0.0	0.505666203927	0.988316	0.499758	0.0	0.0	0.0	0.0	0.0	0.0	0.0	0.0	0.0	0.0
2.401	-7.2018724718	0.0	0.475115128083	0.98803	0.469428	0.0	0.0	0.0	0.0	0.0	0.0	0.0	0.0	0.0	0.0
2.501	-7.18768388274	0.0	0.44429102453	0.987848	0.438892	0.0	0.0	0.0	0.0	0.0	0.0	0.0	0.0	0.0	0.0
2.601	-7.15980753452	0.0	0.415036001523	0.987736	0.409946	0.0	0.0	0.0	0.0	0.0	0.0	0.0	0.0	0.0	0.0
2.701	-7.11884251792	0.0	0.38495331568	0.987912	0.3803	0.0	0.0	0.0	0.0	0.0	0.0	0.0	0.0	0.0	0.0
2.801	-7.06534575588	0.0	0.35753987458	0.987722	0.35315	0.0	0.0	0.0	0.0	0.0	0.0	0.0	0.0	0.0	0.0
2.901	-6.9998360643	0.0	0.329879185825	0.987798	0.325854	0.0	0.0	0.0	0.0	0.0	0.0	0.0	0.0	0.0	0.0
3.001	-6.92279771895	0.0	0.304806586429	0.987728	0.301066	0.0	0.0	0.0	0.0	0.0	0.0	0.0	0.0	0.0	0.0
3.101	-6.8346836007	0.0	0.280416595803	0.987816	0.277	0.0	0.0	0.0	0.0	0.0	0.0	0.0	0.0	0.0	0.0
3.201	-6.73591797881	0.0	0.257505530391	0.987272	0.254228	0.0	0.0	0.0	0.0	0.0	0.0	0.0	0.0	0.0	0.0
3.301	-6.62689898257	0.0	0.235110365616	0.987264	0.232116	0.0	0.0	0.0	0.0	0.0	0.0	0.0	0.0	0.0	0.0
3.401	-6.50800080305	0.0	0.215230044514	0.987548	0.21255	0.0	0.0	0.0	0.0	0.0	0.0	0.0	0.0	0.0	0.0
3.501	-6.37957566051	0.0	0.196263328979	0.98751	0.193812	0.0	0.0	0.0	0.0	0.0	0.0	0.0	0.0	0.0	0.0
3.601	-6.24195556747	0.0	0.178603047388	0.987206	0.176318	0.0	0.0	0.0	0.0	0.0	0.0	0.0	0.0	0.0	0.0
3.701	-6.09545391301	0.0	0.161094249557	0.987124	0.15902	0.0	0.0	0.0	0.0	0.0	0.0	0.0	0.0	0.0	0.0
3.801	-5.94036689008	0.0	0.14653289183	0.986932	0.144618	0.0	0.0	0.0	0.0	0.0	0.0	0.0	0.0	0.0	0.0
3.901	-5.77697478456	0.0	0.1312161891	0.986738	0.129476	0.0	0.0	0.0	0.0	0.0	0.0	0.0	0.0	0.0	0.0
4.001	-5.60554314221	0.0	0.119276690873	0.986798	0.117702	0.0	0.0	0.0	0.0	0.0	0.0	0.0	0.0	0.0	0.0
4.101	-5.42632382745	0.0	0.107316292117	0.986784	0.105898	0.0	0.0	0.0	0.0	0.0	0.0	0.0	0.0	0.0	0.0
4.201	-5.23955598608	0.0	0.0966465150873	0.986854	0.095376	0.0	0.0	0.0	0.0	0.0	0.0	0.0	0.0	0.0	0.0
4.301	-5.04546692231	0.0	0.0868604736002	0.986824	0.085716	0.0	0.0	0.0	0.0	0.0	0.0	0.0	0.0	0.0	0.0
4.401	-4.84427289946	0.0	0.0774874375935	0.986276	0.076424	0.0	0.0	0.0	0.0	0.0	0.0	0.0	0.0	0.0	0.0
4.501	-4.63617987227	0.0	0.068607835625	0.986622	0.06769	0.0	0.0	0.0	0.0	0.0	0.0	0.0	0.0	0.0	0.0
4.601	-4.42138415773	0.0	0.0621182254022	0.986184	0.06126	0.0	0.0	0.0	0.0	0.0	0.0	0.0	0.0	0.0	0.0
4.701	-4.20007305094	0.0	0.054177340481	0.986058	0.053422	0.0	0.0	0.0	0.0	0.0	0.0	0.0	0.0	0.0	0.0
4.801	-3.97242539111	0.0	0.0490939512245	0.98615	0.048414	0.0	0.0	0.0	0.0	0.0	0.0	0.0	0.0	0.0	0.0
4.901	-3.73861208277	0.0	0.0433247193701	0.985996	0.042718	0.0	0.0	0.0	0.0	0.0	0.0	0.0	0.0	0.0	0.0
5.001	-3.49879657644	0.0	0.0389886482583	0.985928	0.03844	0.0	0.0	0.0	0.0	0.0	0.0	0.0	0.0	0.0	0.0
5.101	-3.25313531244	0.0	0.0338437251433	0.985648	0.033358	0.0	0.0	0.0	0.0	0.0	0.0	0.0	0.0	0.0	0.0
5.201	-3.0017781314	0.0	0.0299860232918	0.985926	0.029564	0.0	0.0	0.0	0.0	0.0	0.0	0.0	0.0	0.0	0.0
5.301	-2.7448686544	0.0	0.0264192751135	0.985644	0.02604	0.0	0.0	0.0	0.0	0.0	0.0	0.0	0.0	0.0	0.0
5.401	-2.48254463541	0.0	0.0231985176977	0.985494	0.022862	0.0	0.0	0.0	0.0	0.0	0.0	0.0	0.0	0.0	0.0
5.501	-2.2149382886	0.0	0.0205678220635	0.98552	0.02027	0.0	0.0	0.0	0.0	0.0	0.0	0.0	0.0	0.0	0.0
5.601	-1.9421765925	0.0	0.0181595336029	0.985598	0.017898	0.0	0.0	0.0	0.0	0.0	0.0	0.0	0.0	0.0	0.0
5.701	-1.66438157318	0.0	0.0156527600959	0.985002	0.015418	0.0	0.0	0.0	0.0	0.0	0.0	0.0	0.0	0.0	0.0
5.801	-1.38167056796	0.0	0.0137947135491	0.98516	0.01359	0.0	0.0	0.0	0.0	0.0	0.0	0.0	0.0	0.0	0.0
5.901	-1.09415647152	0.0	0.012079089713	0.985008	0.011898	0.0	0.0	0.0	0.0	0.0	0.0	0.0	0.0	0.0	0.0
6.0	-0.804892941063	0.0	0.0107758970777	0.984976	0.010614	0.0	0.0	0.0	0.0	0.0	0.0	0.0	0.0	0.0	0.0
6.5	0.722813441971	0.0	0.00528883454722	0.984716	0.005208	0.0	0.0	0.0	0.0	0.0	0.0	0.0	0.0	0.0	0.0
7.0	2.35368182324	0.0	0.00272678322886	0.98431	0.002684	0.0	0.0	0.0	0.0	0.0	0.0	0.0	0.0	0.0	0.0
7.5	4.07779123229	0.0	0.00129699576748	0.983812	0.001276	0.0	0.0	0.0	0.0	0.0	0.0	0.0	0.0	0.0	0.0
8.0	5.88670742156	0.0	0.000592008495627	0.983094	0.000582	0.0	0.0	0.0	0.0	0.0	0.0	0.0	0.0	0.0	0.0
8.5	7.77319107543	0.0	0.000242181998754	0.982732	0.000238	0.0	0.0	0.0	0.0	0.0	0.0	0.0	0.0	0.0	0.0
9.0	9.73097541438	0.0	0.000118125551168	0.982006	0.000116	0.0	0.0	0.0	0.0	0.0	0.0	0.0	0.0	0.0	0.0
9.5	11.7545940703	0.0	6.51980799165e-05	0.981624	6.4e-05	0.0	0.0	0.0	0.0	0.0	0.0	0.0	0.0	0.0	0.0
10.0	13.8392460394	0.0	2.65120538072e-05	0.980686	2.6e-05	0.0	0.0	0.0	0.0	0.0	0.0	0.0	0.0	0.0	0.0
10.5	15.9806884234	0.0	4.07861946889e-06	0.980724	4e-06	0.0	0.0	0.0	0.0	0.0	0.0	0.0	0.0	0.0	0.0
11.0	18.1751502959	0.0	4.08230748349e-06	0.979838	4e-06	0.0	0.0	0.0	0.0	0.0	0.0	0.0	0.0	0.0	0.0
11.5	20.4192628399	0.0	0.0	0.979694	0.0	0.0	0.0	0.0	0.0	0.0	0.0	0.0	0.0	0.0	0.0
12.0	22.7100021636	0.0	0.0	0.978958	0.0	0.0	0.0	0.0	0.0	0.0	0.0	0.0	0.0	0.0	0.0
12.5	25.0446421031	0.0	2.04434595234e-06	0.978308	1.99999999995e-06	0.0	0.0	0.0	0.0	0.0	0.0	0.0	0.0	0.0	0.0
13.0	27.4207149668	0.0	0.0	0.977764	0.0	0.0	0.0	0.0	0.0	0.0	0.0	0.0	0.0	0.0	0.0
13.5	29.8359786548	0.0	2.04606929622e-06	0.977484	1.99999999995e-06	0.0	0.0	0.0	0.0	0.0	0.0	0.0	0.0	0.0	0.0
14.0	32.2883889377	0.0	0.0	0.976964	0.0	0.0	0.0	0.0	0.0	0.0	0.0	0.0	0.0	0.0	0.0
14.5	34.7760759414	0.0	0.0	0.976688	0.0	0.0	0.0	0.0	0.0	0.0	0.0	0.0	0.0	0.0	0.0
15.0	37.297324088	0.0	0.0	0.975864	0.0	0.0	0.0	0.0	0.0	0.0	0.0	0.0	0.0	0.0	0.0
15.5	39.8505548937	0.0	0.0	0.975156	0.0	0.0	0.0	0.0	0.0	0.0	0.0	0.0	0.0	0.0	0.0
